-0.010472113605600129 -0.010472113605600129 -0.010472113605600129 -0.010472113605600129 -0.010472113605600129 0.0 0.0 0.0 0.0 0.0 0.0 0.0 0.0 0.0 0.0 0.0 0.0 0.0 0.0 0.0 0.0 0.0 0.0 0.0 0.0 0.0 0.0 0.0 0.0 0.0 0.0 0.0 0.0 0.0 0.0 0.0 0.0 0.0 0.0 0.0 0.0 0.0 0.0 0.0 0.0 -0.0065130890738147266 -0.0065130890738147266 -0.0065130890738147266 -0.0065130890738147266 -0.016374680438723904 
-0.010472113605600129 -0.010472113605600129 -0.010472113605600129 -0.010472113605600129 -0.010472113605600129 0.0 0.0 0.0 0.0 0.0 0.0 0.0 0.0 0.0 0.0 0.0 0.0 0.0 0.0 0.0 0.0 0.0 0.0 0.0 0.0 0.0 0.0 0.0 0.0 0.0 0.0 0.0 0.0 0.0 0.0 0.0 0.00029099324478264275 0.00029099324478264275 0.00029099324478264275 0.00029099324478264275 0.00029099324478264275 0.0 0.0 0.0 0.0 -0.0065130890738147266 -0.011172439631148914 -0.011172439631148914 -0.011172439631148914 -0.021034030996058092 
-0.010472113605600129 -0.010472113605600129 -0.010472113605600129 -0.010472113605600129 -0.010472113605600129 0.0 0.0 0.0 0.0 0.0 0.0 0.0 0.0 0.0 0.0 0.0 0.0 0.0 0.0 0.0 0.0 0.0 0.0 0.0 0.0 0.0 0.0 0.0 0.0 0.0 0.0 0.0 0.0 0.0 0.0 0.0 0.00029099324478264275 0.00088407673679277189 0.00088407673679277189 0.00088407673679277189 0.00088407673679277189 0.00059308349201012914 0.0 0.0 0.0 -0.0065130890738147266 -0.011172439631148914 -0.020668824679905665 -0.020668824679905665 -0.030530416044814841 
-0.010472113605600129 -0.010472113605600129 -0.010472113605600129 -0.010472113605600129 -0.010472113605600129 0.0 0.0 0.0 0.0 0.0 0.0 0.0 0.0 0.0 0.0 0.0 0.0 0.0 0.0 0.0 0.0 0.0 0.0 0.0 0.0 0.0 0.0 0.0 0.0 0.0 0.0 0.0 0.0 0.0 0.0 0.0 0.00029099324478264275 0.00088407673679277189 0.0011862608263449434 0.0011862608263449434 0.0011862608263449434 0.00089526758156230064 0.0003021840895521715 0.0 0.0 -0.0065130890738147266 -0.011172439631148914 -0.020668824679905665 -0.025507361763899231 -0.035368953128808403 
-0.010472113605600129 -0.010472113605600129 -0.010472113605600129 -0.010472113605600129 -0.010472113605600129 0.0 0.0 0.0 0.0 0.0 0.0 0.0 0.0 0.0 0.0 0.0 0.0 0.0 0.0 0.0 0.0 0.0 0.0 0.0 0.0 0.0 0.0 0.0 0.0 0.0 0.0 0.0 0.0 0.0 0.0 0.0 0.00029099324478264275 0.00088407673679277189 0.0011862608263449434 0.0018021527698000982 0.0018021527698000982 0.0015111595250174555 0.00091807603300732635 0.00061589194345515485 0.0 -0.0065130890738147266 -0.011172439631148914 -0.020668824679905665 -0.025507361763899231 -0.025507361763899231 
0.0 0.0 0.0 0.0 0.0 0.0 0.0 0.0 0.0 0.0 0.0 0.0 0.0 0.0 0.0 0.0 0.0 0.0 0.0 0.0 0.0 0.0 0.0 0.0 0.0 0.0 0.0 0.0 0.0 0.0 0.0 0.0 0.0 0.0 0.0 0.0 0.00029099324478264275 0.00088407673679277189 0.0011862608263449434 0.0018021527698000982 0.012111811112231381 0.011820817867448737 0.011227734375438607 0.010925550285886435 0.010309658342431281 0.0 -0.004659350557334188 -0.014155735606090937 -0.018994272690084503 -0.018994272690084503 
0.0 0.0 0.0 0.0 0.0 0.0 0.0 0.0 0.0 0.0 0.0 0.0 0.0 0.0 0.0 0.0 0.0 0.0 0.0 0.0 0.0 0.0 0.0 0.0 0.0 0.0 0.0 0.0 0.0 0.0 0.0 0.0 0.0 0.0 0.0 0.0 0.0 0.00059308349201012914 0.00089526758156230064 0.0015111595250174555 0.011820817867448737 0.011820817867448737 0.011227734375438607 0.010925550285886435 0.010309658342431281 0.0 0.0 -0.0094963850487567499 -0.014334922132750316 -0.014334922132750316 
0.0 0.0 0.0 0.0 0.0 0.0 0.0 0.0 0.0 0.0 0.0 0.0 0.0 0.0 0.0 0.0 0.0 0.0 0.0 0.0 0.0 0.0 0.0 0.0 0.0 0.0 0.0 0.0 0.0 0.0 0.0 0.0 0.0 0.0 0.0 0.0 0.0 0.0 0.0003021840895521715 0.00091807603300732635 0.011227734375438607 0.011227734375438607 0.011227734375438607 0.010925550285886435 0.010309658342431281 0.0 0.0 0.0 -0.0048385370839935668 -0.0048385370839935668 
0.0 0.0 0.0 0.0 0.0 0.0 0.0 0.0 0.0 0.0 0.0 0.0 0.0 0.0 0.0 0.0 0.0 0.0 0.0 0.0 0.0 0.0 0.0 0.0 0.0 0.0 0.0 0.0 0.0 0.0 0.0 0.0 0.0 0.0 0.0 0.0 0.0 0.0 0.0 0.00061589194345515485 0.010925550285886435 0.010925550285886435 0.010925550285886435 0.010925550285886435 0.010309658342431281 0.0 0.0 0.0 0.0 0.0 
0.0 0.0 0.0 0.0 0.0 0.0 0.0 0.0 0.0 0.0 0.0 0.0 0.0 0.0 0.0 0.0 0.0 0.0 0.0 0.023163683638674055 0.023163683638674055 0.023163683638674055 0.023163683638674055 0.023163683638674055 0.0 0.0 0.0 0.0 0.0 0.0 0.0 0.0 0.0 0.0 0.0 0.0 0.0 0.0 0.0 0.0 0.010309658342431281 0.010309658342431281 0.010309658342431281 0.010309658342431281 0.0013246151443090503 -0.0089850431981222303 -0.0089850431981222303 -0.0089850431981222303 -0.0089850431981222303 0.0 
0.0 0.0 0.0 0.0 0.0 0.0 0.0 0.0 0.0 0.0 0.0 0.0 0.0 0.0 0.0 0.0 0.0 0.0 0.0 0.023163683638674055 0.025867116948713 0.025867116948713 0.025867116948713 0.025867116948713 0.0027034333100389458 0.0 0.0 0.0 0.0 0.0 0.0 0.0 0.0 0.0 0.0 0.0 0.0 0.0 0.0 0.0 0.0 0.0 0.0 0.0 -0.0089850431981222303 -0.018250491779936942 -0.018250491779936942 -0.018250491779936942 -0.018250491779936942 -0.0092654485818147135 
0.0 0.0 0.0 0.0 0.0 0.0 0.0 0.0 0.0 0.0 0.0 0.0 0.0 0.0 0.0 0.0 0.0 0.0 0.0 0.023163683638674055 0.025867116948713 0.036811367047719486 0.036811367047719486 0.036811367047719486 0.013647683409045432 0.010944250099006486 0.0 0.0 0.0 0.0 0.0 0.0 0.0 0.0 0.0 0.0 0.0 0.0 0.0 0.0 0.0 0.0 0.0 0.0 -0.0089850431981222303 -0.018250491779936942 -0.026687834513113649 -0.026687834513113649 -0.026687834513113649 -0.017702791314991417 
0.0 0.0 0.0 0.0 0.0 0.0 0.0 0.0 0.0 0.0 0.0 0.0 0.0 0.0 0.0 0.0 0.0 0.0 0.0 0.023163683638674055 0.025867116948713 0.036811367047719486 0.059117225285079282 0.059117225285079282 0.035953541646405227 0.033250108336366282 0.022305858237359796 0.0 0.0 0.0 0.0 0.0 0.0 0.0 0.0 0.0 0.0 0.0 0.0 0.0 0.0 0.0 -0.017196442808205047 -0.017196442808205047 -0.026181486006327276 -0.035446934588141993 -0.0438842773213187 -0.026687834513113649 -0.026687834513113649 -0.017702791314991417 
0.0 0.0 0.0 0.0 0.0 0.0 0.0 0.0 0.0 0.0 0.0 0.0 0.0 0.0 0.0 0.0 0.0 0.0 0.011365137546302263 0.03452882118497632 0.037232254495015264 0.04817650459402175 0.07048236283138154 0.059117225285079282 0.035953541646405227 0.033250108336366282 0.022305858237359796 0.0 0.0 0.0 0.0 0.0 0.0 0.0 0.0 0.0 0.0 0.0 0.0 0.0 0.0 0.0 -0.017196442808205047 -0.025958263839373927 -0.034943307037496159 -0.044208755619310876 -0.052646098352487583 -0.035449655544282532 -0.026687834513113649 -0.017702791314991417 
0.0 0.0 0.0 0.0 0.0 0.0 0.0 0.0 0.0 0.0 0.0 0.0 0.0 0.0 0.0 0.0 0.0 0.0 0.011365137546302263 0.011365137546302263 0.014068570856341209 0.025012820955347695 0.047318679192707491 0.035953541646405227 0.035953541646405227 0.033250108336366282 0.022305858237359796 0.0 0.0 0.0 0.0 0.0 0.0 0.0 0.0 0.0 0.0 0.0 0.0 0.0 0.0 0.0 -0.017196442808205047 -0.025958263839373927 -0.034830993997519634 -0.044096442579334351 -0.052533785312511058 -0.035337342504306007 -0.026575521473137124 -0.017702791314991417 
0.0 0.0 0.0 0.0 0.0 0.0 0.0 0.0 0.0 0.0 0.0 0.0 0.0 0.0 0.0 0.0 0.0 0.0 0.011365137546302263 0.011365137546302263 0.011365137546302263 0.022309387645308751 0.044615245882668547 0.033250108336366282 0.033250108336366282 0.033250108336366282 0.022305858237359796 0.0 0.0 0.0 0.0 0.0 0.0 0.0 0.0 0.0 0.0 0.0 0.0 0.0 0.0 0.0 -0.017196442808205047 -0.025958263839373927 -0.034830993997519634 -0.034830993997519634 -0.043268336730696341 -0.02607189392249129 -0.017310072891322408 -0.0084373427331767056 
0.0 0.0 0.0 0.0 0.0 0.0 -0.0022043754683670042 -0.0022043754683670042 -0.0022043754683670042 -0.0022043754683670042 -0.0022043754683670042 0.0 0.0 0.0 0.0 0.0 0.0 0.0 0.011365137546302263 0.011365137546302263 0.011365137546302263 0.011365137546302263 0.033670995783662061 0.022305858237359796 0.022305858237359796 0.022305858237359796 0.022305858237359796 0.0 0.0 0.0 0.0 0.0 0.0 0.0 0.0 0.0 0.0 0.0 0.0 0.0 0.0 0.0 -0.017196442808205047 -0.025958263839373927 -0.034830993997519634 -0.034830993997519634 -0.034830993997519634 -0.017634551189314583 -0.0088727301581457019 0.0 
0.0 0.0 0.0 0.0 0.0 0.0 -0.0022043754683670042 -0.0066971900746205359 -0.0066971900746205359 -0.0066971900746205359 -0.0066971900746205359 -0.0044928146062535321 0.0 0.0 0.0 0.0 0.0 0.0 0.011365137546302263 0.011365137546302263 0.011365137546302263 0.011365137546302263 0.011365137546302263 0.0 0.0 0.0 0.0 0.0 0.0 0.0 0.0 0.0 0.0 0.0 0.0 0.0 0.0 0.0 0.0 0.0 0.0 0.0 0.0 -0.0087618210311688812 -0.017634551189314583 -0.017634551189314583 -0.017634551189314583 -0.017634551189314583 -0.0088727301581457019 0.0 
0.0 0.0 0.0 0.0 0.0 0.0 -0.0022043754683670042 -0.0066971900746205359 -0.0089863401008941305 -0.0089863401008941305 -0.0089863401008941305 -0.0067819646325271259 -0.0022891500262735933 0.0 0.0 0.0 0.0 0.0 0.0 0.0 0.0 0.0 0.0 0.0 0.0 0.0 0.0 0.0 0.0 0.0 0.0 0.0 0.0 0.0 0.0 0.0 0.0 0.0 0.0 0.0 0.0 0.0 0.0 0.0 -0.0088727301581457019 -0.0088727301581457019 -0.0088727301581457019 -0.0088727301581457019 -0.0088727301581457019 0.0 
0.0 0.0 0.0 0.0 0.0 0.0 -0.0022043754683670042 -0.0066971900746205359 -0.0089863401008941305 -0.013979053905343793 -0.013979053905343793 -0.011774678436976788 -0.0072818638307232553 -0.0049927138044496625 0.0 0.0 0.0 0.0 0.0 0.0 0.0 0.0 0.0 0.0 0.0 0.0 0.0 0.0 0.0 0.0 0.0 0.0 0.0 0.0 0.0 0.0 0.0 0.0 0.0 0.0 0.0 0.0 0.0 0.0 0.0 0.0 0.0 0.0 0.0 0.0 
0.0 0.0 0.0 0.0 0.0 0.01180221123218804 0.0095978357638210349 0.005105021157567502 0.0028158711312939095 -0.0021768426731557538 -0.021710376932554971 -0.019506001464187968 -0.015013186857934438 -0.012724036831660845 -0.0077313230272111838 0.0 0.0 0.0 0.0 0.0 0.0 0.0 0.0 0.0 0.0 0.0 0.0 0.0 0.0 0.0 0.0 0.0 0.0 0.0 0.0 0.0 0.0 0.0 0.0 0.0 0.0 0.0 0.0 0.0 0.0 0.0 0.0 0.0 0.0 0.0 
0.0 0.0 0.0 0.0 0.0 0.01180221123218804 0.011647656687479323 0.0071548420812257889 0.004865692054952196 -0.00012702174949746694 -0.019660556008896685 -0.019506001464187968 -0.015013186857934438 -0.012724036831660845 -0.0077313230272111838 0.0 0.0 0.0 0.0 0.0 0.0 0.0 0.0 0.0 0.0 0.0 0.0 0.0 0.0 0.0 0.0 0.0 0.0 0.0 0.0 0.0 0.0 0.0 0.0 0.0 0.0 0.0 0.0 0.0 0.0 0.0 0.0 0.0 0.0 0.0 
0.0 0.0 0.0 0.0 0.0 0.01180221123218804 0.011647656687479323 0.011332653673748369 0.0090435036474747765 0.0040507898430251115 -0.015482744416374108 -0.015328189871665392 -0.015013186857934438 -0.012724036831660845 -0.0077313230272111838 0.0 0.0 0.0 0.0 0.0 0.0 0.0 -0.0066133410658424426 -0.0066133410658424426 -0.0066133410658424426 -0.0066133410658424426 -0.0066133410658424426 0.0 0.0 0.0 0.0 0.0 0.0 0.0 0.0 0.0 0.0 0.0 0.0 0.0 0.0 0.0 0.0 0.0 0.0 0.0 0.0 0.0 0.0 0.0 
0.0 0.0 0.0 0.0 0.0 0.01180221123218804 0.011647656687479323 0.011332653673748369 0.011172155362477124 0.0061794415580274592 -0.013354092701371761 -0.013199538156663044 -0.012884535142932091 -0.012724036831660845 -0.0077313230272111838 0.0 0.0 0.0 0.0 0.0 0.0 0.0 -0.0066133410658424426 -0.0099829281067939299 -0.0099829281067939299 -0.0099829281067939299 -0.0099829281067939299 -0.0033695870409514873 0.0 0.0 0.0 0.0 0.0 0.0 0.0 0.0 0.0 0.0 0.0 0.0 0.0 0.0 0.0 0.0 0.0 0.0 0.0 0.0 0.0 0.0 
0.0 0.0 0.0 0.0 0.0 0.01180221123218804 0.011647656687479323 0.011332653673748369 0.011172155362477124 0.011172155362477124 -0.0083613788969220983 -0.0082068243522133814 -0.0078918213384824281 -0.0077313230272111838 -0.0077313230272111838 0.0 0.0 0.0 0.0 0.0 0.0 0.0 -0.0066133410658424426 -0.0099829281067939299 -0.016850601101650989 -0.016850601101650989 -0.016850601101650989 -0.010237260035808549 -0.0068676729948570613 0.0 0.0 0.0 0.0 0.0 0.0 0.0 0.0 0.0 0.0 0.0 0.0 0.0 0.0 0.0 0.0 0.0 0.0 0.0 0.0 0.0 
-0.0050246146592961335 -0.0050246146592961335 -0.0050246146592961335 -0.0050246146592961335 -0.0050246146592961335 0.0 -0.00015455454470871734 -0.00046955755843967146 -0.00063005586971091627 -0.00063005586971091627 -0.00063005586971091627 -0.0004755013250021989 -0.00016049831127124483 0.0 0.0 0.0 0.0 0.0 0.0 0.0 -0.0020600152279607346 -0.0020600152279607346 -0.0086733562938031764 -0.012042943334754665 -0.018910616329611725 -0.016850601101650989 -0.016850601101650989 -0.010237260035808549 -0.0068676729948570613 0.0 0.0 0.0 0.0 0.0 0.0 0.0 0.0 0.0 0.0 0.0 0.0 0.0 0.0 0.0 0.0 0.0 0.0 0.0 0.0 0.0 
-0.00019125409605457236 -0.0050246146592961335 -0.0050246146592961335 -0.0050246146592961335 -0.0050246146592961335 0.0 0.0 -0.0003150030137309541 -0.0004755013250021989 -0.0004755013250021989 -0.0004755013250021989 -0.0004755013250021989 -0.00016049831127124483 0.0 0.0 0.0 0.0 0.0 0.0 0.0 -0.0020600152279607346 -0.0053048156675772982 -0.011918156733419739 -0.015287743774371228 -0.022155416769228289 -0.020095401541267554 -0.016850601101650989 -0.010237260035808549 -0.0068676729948570613 0.0 0.0 0.0 0.0 0.0 0.0 0.0 0.0 0.0 0.0 0.0 0.0 0.0 0.0 0.0 0.0 0.0 0.0 0.0 0.0 0.0 
0.0096597868211754628 0.0048264262579339016 -0.0050246146592961335 -0.0050246146592961335 -0.0050246146592961335 0.0 0.0 0.0 -0.00016049831127124483 -0.00016049831127124483 -0.00016049831127124483 -0.00016049831127124483 -0.00016049831127124483 0.0 0.0 0.0 0.0 0.0 0.0 0.0 -0.0020600152279607346 -0.0053048156675772982 -0.013234484016553609 -0.016604071057505099 -0.023471744052362159 -0.021411728824401427 -0.018166928384784863 -0.010237260035808549 -0.0068676729948570613 0.0 0.0 0.0 -0.0098041726282392348 -0.0098041726282392348 -0.0098041726282392348 -0.0098041726282392348 -0.0098041726282392348 0.0 0.0 0.0 0.0 0.0 0.0 0.0 0.0 0.0 0.0 0.0 0.0 0.0 
0.014679025884169828 0.0098456653209282666 -5.3755963017676836e-06 -0.0050246146592961335 -0.0050246146592961335 0.0 0.0 0.0 0.0 0.0 0.0 0.0 0.0 0.0 0.0 0.0 0.0 0.0 -0.0080300438976975298 -0.0080300438976975298 -0.010090059125658263 -0.013334859565274826 -0.021264527914251138 -0.013234484016553609 -0.020102157011410673 -0.018042141783449938 -0.014797341343833374 -0.0068676729948570613 -0.0068676729948570613 0.0 0.0 0.0 -0.0098041726282392348 -0.014799531661813879 -0.014799531661813879 -0.014799531661813879 -0.014799531661813879 -0.0049953590335746435 0.0 0.0 0.0 0.0 0.0 0.0 0.0 0.0 0.0 0.0 0.0 0.0 
0.024908912261559404 0.020075551698317842 0.010224510781087808 0.0052052717180934415 -0.0050246146592961335 0.0 0.0 0.0 0.0 0.0 0.0 0.0 0.0 0.0 0.0 0.0 0.0 0.0 -0.0080300438976975298 -0.033739361009982934 -0.035799376237943673 -0.039044176677560237 -0.046973845026536551 -0.038943801128839016 -0.013234484016553609 -0.011174468788592875 -0.0079296683489763122 0.0 0.0 0.0 0.0 0.0 -0.0098041726282392348 -0.014799531661813879 -0.024980747317489164 -0.024980747317489164 -0.024980747317489164 -0.01517657468924993 -0.010181215655675287 0.0 0.0 0.0 0.0 0.0 0.0 0.0 0.0 0.0 0.0 0.0 
0.035145792888158556 0.030312432324916996 0.020461391407686963 0.015442152344692598 0.0052122659673030231 0.0 0.0 0.0 0.0 0.0 0.0 0.0 0.0 0.0 0.0 0.0 0.0 0.0 -0.0080300438976975298 -0.033739361009982934 -0.041286627722121744 -0.044531428161738308 -0.052461096510714622 -0.044431052613017094 -0.018721735500731685 -0.013551653582193544 -0.010306853142576981 -0.0023771847936006683 -0.0023771847936006683 -0.0023771847936006683 -0.014648737732136947 -0.014648737732136947 -0.024452910360376182 -0.029448269393950826 -0.039629485049626115 -0.024980747317489164 -0.024980747317489164 -0.01517657468924993 -0.010181215655675287 0.0 0.0 0.0 0.0 0.0 0.0 0.0 0.0 0.0 0.0 0.0 
0.030312432324916996 0.030312432324916996 0.020461391407686963 0.015442152344692598 0.0052122659673030231 0.0 0.0 0.0 0.0 0.0 0.0 0.0 0.0 0.0 0.0 0.0 0.0 0.0 -0.0080300438976975298 -0.033739361009982934 -0.041286627722121744 -0.057792776987981131 -0.065722445336957452 -0.057692401439259924 -0.031983084326974512 -0.026813002408436371 -0.020017696992949981 -0.01208802864397367 -0.01208802864397367 -0.01208802864397367 -0.024359581582509948 -0.019459102619938919 -0.02926327524817815 -0.034258634281752798 -0.044439849937428083 -0.029791112205291133 -0.024980747317489164 -0.01517657468924993 -0.010181215655675287 0.0 0.0 0.0 0.0 0.0 0.0 0.0 0.0 0.0 0.0 0.0 
0.020461391407686963 0.020461391407686963 0.029966745056754784 0.024947505993760416 0.014717619616370843 0.0095053536490678197 0.0095053536490678197 0.0 0.0 0.0 0.0 0.0 0.0 0.0 0.0 0.0 0.0 0.0 -0.0080300438976975298 -0.033739361009982934 -0.041286627722121744 -0.057792776987981131 -0.10357786028454774 -0.095547816386850212 -0.069838499274564814 -0.064668417356026672 -0.057873111940540276 -0.031880038542506692 -0.031880038542506692 -0.031880038542506692 -0.044151591481042973 -0.039251112518471937 -0.019459102619938919 -0.024454461653513559 -0.034635677309188852 -0.019986939577051901 -0.01517657468924993 -0.01517657468924993 -0.010181215655675287 0.0 0.0 0.0 0.0 0.0 0.0 0.0 0.0 0.0 0.0 0.0 
0.015442152344692598 0.015442152344692598 0.024947505993760416 0.034573180575094918 0.024343294197705347 0.019131028230402324 0.019131028230402324 0.0096256745813345021 0.0 0.0 0.0 0.0 0.0 0.0 0.0 0.0 0.0 0.0 -0.0091108890186032236 -0.034820206130888626 -0.042367472843027443 -0.058873622108886831 -0.10465870540545344 -0.1057752785451036 -0.080065961432818203 -0.074895879514280062 -0.068100574098793679 -0.042107500700760081 -0.041964336237802546 -0.041964336237802546 -0.054235889176338828 -0.049335410213767798 -0.02954340031523478 -0.019459102619938919 -0.029640318275614204 -0.014991580543477257 -0.010181215655675287 -0.010181215655675287 -0.010181215655675287 0.0 0.0 0.0 0.0 0.0 0.0 0.0 0.0 0.0 0.0 0.0 
0.024830689404985264 0.024830689404985264 0.034336043054053085 0.043961717635387587 0.024343294197705347 0.019131028230402324 0.019131028230402324 0.0096256745813345021 0.0 0.0 0.0 0.0 0.0 0.0 0.0 0.0 0.0 0.0 -0.0091108890186032236 -0.018337105746302693 -0.025884372458441499 -0.042390521724300891 -0.088175605020867492 -0.089292178160517668 -0.12146406836073786 -0.11629398644219972 -0.10949868102671334 -0.083505607628679757 -0.083362443165722222 -0.041964336237802546 -0.054235889176338828 -0.049335410213767798 -0.02954340031523478 -0.019459102619938919 -0.019459102619938919 -0.0048103648878019701 0.0 0.0 0.0 0.0 0.0 0.0 0.0 0.0 0.0 0.0 0.0 0.0 0.0 0.0 
0.026115103863928645 0.026115103863928645 0.035620457512996466 0.045246132094330968 0.025627708656648727 0.019131028230402324 0.019131028230402324 0.0096256745813345021 0.0 0.0 0.0 0.0 0.0 0.0 0.0 0.0 0.0 0.0 -0.0091108890186032236 -0.018337105746302693 -0.018337105746302693 -0.03484325501216208 -0.080628338308728689 -0.081744911448378865 -0.11391680164859905 -0.12906167402852126 -0.12226636861303486 -0.096273295215001276 -0.096130130752043727 -0.054732023824124065 -0.039587151444201885 -0.034686672481630848 -0.014894662583097832 -0.0048103648878019701 -0.0048103648878019701 -0.0048103648878019701 0.0 0.0 0.0 0.0 0.0 0.0 0.0 0.0 0.0 0.0 0.0 0.0 0.0 0.0 
0.026115103863928645 0.035384308883277434 0.044889662532345255 0.054515337113679757 0.034896913675997517 0.028400233249751113 0.019131028230402324 0.0096256745813345021 0.0 0.0 0.0 0.0 0.0 0.0 0.0 0.0 0.0 0.0 -0.0091108890186032236 -0.018337105746302693 -0.018337105746302693 -0.018337105746302693 -0.064122189042869301 -0.065238762182519477 -0.09741065238273966 -0.11255552476266185 -0.1224042312373554 -0.096411157839321818 -0.096267993376364269 -0.054869886448444607 -0.039725014068522427 -0.02987630759382888 -0.010084297695295862 0.0 0.0 0.0 0.0 0.0 0.0 0.0 0.0 0.0 0.0 0.0 0.0 0.0 0.0 0.0 0.0 0.0 
0.026115103863928645 0.035384308883277434 0.044770845611731905 0.054396520193066407 0.034778096755384173 0.028281416329137762 0.019012211309788973 0.0096256745813345021 0.0 0.0 0.0 0.0 0.0 0.0 0.0 0.0 0.0 0.0 -0.0091108890186032236 -0.018337105746302693 -0.018337105746302693 -0.018337105746302693 -0.018337105746302693 -0.019453678885952865 -0.051625569086173058 -0.066770441466095246 -0.076619147940788793 -0.076619147940788793 -0.076475983477831244 -0.035077876549911589 -0.019933004169989409 -0.010084297695295862 -0.010084297695295862 0.0 0.0 0.0 0.0 0.0 0.0 0.0 0.0 0.0 0.0 0.0 0.0 0.0 0.0 0.0 0.0 0.0 
0.026115103863928645 0.035384308883277434 0.044770845611731905 0.057538903824800799 0.037920480387118566 0.031423799960872155 0.022154594941523366 0.012768058213068895 0.0 0.0 0.0 0.0 0.0 0.0 0.0 0.0 0.0 0.0 0.0 -0.0092262167276994673 -0.0092262167276994673 -0.0092262167276994673 -0.0092262167276994673 -0.0092262167276994673 -0.041398106927919662 -0.056542979307841842 -0.06639168578253539 -0.06639168578253539 -0.06639168578253539 -0.024993578854615728 -0.0098487064746935488 0.0 0.0 0.0 0.0 0.0 0.0 0.0 0.0 0.0 0.0 0.0 0.0 0.0 0.0 0.0 0.0 0.0 0.0 0.0 
0.019590026454709947 0.028859231474058736 0.038245768202513207 0.051013826415582102 0.050850159590226311 0.0443534791639799 0.035084274144631111 0.02569773741617664 0.012929679203107745 0.0 0.0 0.0 0.0 0.0 0.0 0.0 0.0 0.0 0.0 0.0 0.0 0.0 0.0 0.0 0.0 -0.015144872379922181 -0.024993578854615728 -0.024993578854615728 -0.024993578854615728 -0.024993578854615728 -0.0098487064746935488 0.0 0.0 0.0 0.0 0.0 0.0 0.0 0.0 0.0 0.0 0.0 0.0 0.0 0.0 0.0 0.0 0.0 0.0 0.0 
0.026352430614249397 0.035621635633598187 0.045008172362052658 0.057776230575121552 0.057612563749765762 0.0443534791639799 0.035084274144631111 0.02569773741617664 0.012929679203107745 0.0 0.0 0.0 0.0 0.0 0.0 0.0 0.0 0.0 0.0 0.0 0.0 0.0 0.0 0.0 0.0 0.0 -0.0098487064746935488 -0.0098487064746935488 -0.0098487064746935488 -0.0098487064746935488 -0.0098487064746935488 0.0 0.0 0.0 0.0 0.0 0.0 0.0 0.0 0.0 0.0 0.0 0.0 0.0 0.0 0.0 0.0 0.0 0.0 0.0 
0.026352430614249397 0.038647646734001888 0.048034183462456359 0.060802241675525254 0.060638574850169463 0.047379490264383602 0.035084274144631111 0.02569773741617664 0.012929679203107745 0.0 0.0 0.0 0.0 0.0 0.0 0.0 0.0 0.0 0.0 0.0 0.0 0.0 0.0 0.0 0.0 0.0 0.0 0.0 0.0 0.0 0.0 -0.0051772346817839827 -0.0051772346817839827 -0.0051772346817839827 -0.0051772346817839827 -0.0051772346817839827 0.0 0.0 0.0 0.0 0.0 0.0 0.0 0.0 0.0 0.0 0.0 0.0 0.0 0.0 
0.026352430614249397 0.038647646734001888 0.0637069559862454 0.076475014199314295 0.076311347373958505 0.063052262788172636 0.050757046668420146 0.02569773741617664 0.012929679203107745 0.0 0.0 0.0 0.0013685375156763104 0.0013685375156763104 0.0013685375156763104 0.0013685375156763104 0.0013685375156763104 -0.012309561209308616 -0.012309561209308616 -0.012309561209308616 -0.012309561209308616 -0.012309561209308616 0.0 0.0 0.0 0.0 0.0 0.0 0.0 0.0 0.0 -0.0051772346817839827 -0.015729137446131403 -0.015729137446131403 -0.015729137446131403 -0.015729137446131403 -0.010551902764347421 0.0 0.0 0.0 0.0 0.0 0.011241605530753446 0.011241605530753446 0.011241605530753446 0.011241605530753446 0.011241605530753446 0.0 0.0 0.0 
0.026352430614249397 0.038647646734001888 0.0637069559862454 0.0637069559862454 0.06354328916088961 0.050284204575103741 0.037988988455351251 0.012929679203107745 0.012929679203107745 0.0 0.0 0.0 0.0013685375156763104 0.0027543982910447264 0.0027543982910447264 0.0027543982910447264 0.0027543982910447264 -0.010923700433940199 -0.018581449732481544 -0.018581449732481544 -0.018581449732481544 -0.018581449732481544 -0.0062718885231729284 0.0 0.0 0.0 0.0 0.0 0.0 0.0 0.0 -0.0051772346817839827 -0.015729137446131403 -0.021105475133562621 -0.021105475133562621 -0.021105475133562621 -0.015928240451778639 -0.0053763376874312145 0.0 0.0 0.0 0.0 0.011241605530753446 0.016969356139528387 0.016969356139528387 0.016969356139528387 0.016969356139528387 0.005727750608774943 0.0 0.0 
0.013259084585785862 0.025554300705538352 0.050613609957781858 0.050613609957781858 0.05559119852613361 0.042332113940347749 0.030036897820595258 0.0049775885683517535 0.0049775885683517535 0.0014211679157759751 0.0014211679157759751 0.0014211679157759751 0.0027897054314522853 0.0041755662068207015 0.0041578016078735016 0.0041578016078735016 0.0041578016078735016 -0.0095202971171114252 -0.017178046415652768 -0.031364404710010729 -0.031364404710010729 -0.031364404710010729 -0.019054843500702114 -0.012782954977529183 0.0 0.0 0.0 0.0 0.0 0.0 0.0 -0.0051772346817839827 -0.015729137446131403 -0.021105475133562621 -0.032063176685257072 -0.032063176685257072 -0.026885942003473086 -0.016334039239125665 -0.010957701551694449 0.0 0.0 0.0 0.011241605530753446 0.016969356139528387 0.028643284635541413 0.028643284635541413 0.028643284635541413 0.017401679104787966 0.011673928496013022 0.0 
0.0 0.012295216119752492 0.037354525371995996 0.037354525371995996 0.042332113940347749 0.047686515264091664 0.035391299144339174 0.010331989892095668 0.010331989892095668 0.0067755692395198887 0.016119409884626117 0.016119409884626117 0.017487947400302427 0.018873808175670841 0.01885604357672364 0.0041578016078735016 0.0041578016078735016 -0.0095202971171114252 -0.017178046415652768 -0.031364404710010729 -0.043460591461625349 -0.043460591461625349 -0.03115103025231673 -0.024879141729143801 -0.012096186751614621 0.0 0.0 0.0 0.0 0.0 -0.016203881479944837 -0.02138111616172882 -0.031933018926076237 -0.037309356613507455 -0.048267058165201909 -0.032063176685257072 -0.026885942003473086 -0.016334039239125665 -0.010957701551694449 0.0 -0.0023908335120109451 -0.0023908335120109451 0.0088507720187425004 0.014578522627517444 0.026252451123530467 0.028643284635541413 0.028643284635541413 0.017401679104787966 0.011673928496013022 0.0 
0.0 0.0 0.025059309252243506 0.025059309252243506 0.030036897820595258 0.035391299144339174 0.040065469296877015 0.015006160044633513 0.015006160044633513 0.011449739392057734 0.020793580037163962 0.017453947796397345 0.018822485312073655 0.02020834608744207 0.020190581488494869 0.0054923395196447289 -0.0018818187936434074 -0.015559917518628334 -0.023217666817169677 -0.037404025111527642 -0.049500211863142254 -0.043460591461625349 -0.03115103025231673 -0.024879141729143801 -0.012096186751614621 0.0 0.0 0.0 0.0 0.0 -0.016203881479944837 -0.016203881479944837 -0.026755784244292258 -0.032132121931723476 -0.043089823483417923 -0.026885942003473086 -0.026885942003473086 -0.016334039239125665 -0.010957701551694449 0.0 -0.0023908335120109451 0.0031248001450198924 0.014366405675773339 0.020094156284548283 0.031768084780561305 0.034158918292572248 0.028643284635541413 0.017401679104787966 0.011673928496013022 0.0 
0.0 0.0 0.0047932525198273049 0.0047932525198273049 0.0097708410881790584 0.015125242411922972 0.019799412564460817 0.019739496907962978 0.019739496907962978 0.016183076255387199 0.025526916900493427 0.022187284659726809 0.018805378593127701 0.020191239368496115 0.020173474769548914 0.0054752328006987755 -0.0018989255125893608 -0.0032503563093197177 -0.010908105607861061 -0.025094463902219023 -0.037190650653833639 -0.03115103025231673 -0.03115103025231673 -0.024879141729143801 -0.012096186751614621 0.0 0.0 0.0 0.0 0.0 -0.016203881479944837 -0.016203881479944837 -0.016203881479944837 -0.021580219167376052 -0.032537920719070502 -0.016334039239125665 -0.016334039239125665 -0.016334039239125665 -0.010957701551694449 0.0 -0.0023908335120109451 0.0031248001450198924 0.0031248001450198924 0.0088525507537948363 0.020526479249807859 0.022917312761818805 0.017401679104787966 0.017401679104787966 0.011673928496013022 0.0 
0.0 0.0 0.0047932525198273049 0.0096471791221840689 0.014624767690535823 0.019979169014279735 0.02465333916681758 0.024593423510319741 0.019739496907962978 0.016183076255387199 0.025526916900493427 0.022187284659726809 0.018805378593127701 0.018805378593127701 0.0187876139941805 0.0040893720253303593 -0.003284786287957777 -0.0046362170846881339 -0.0046362170846881339 -0.018822575379046094 -0.03091876213066071 -0.024879141729143801 -0.024879141729143801 -0.024879141729143801 -0.012096186751614621 0.0 0.0 0.0 0.0 0.0 -0.016203881479944837 -0.016203881479944837 -0.016203881479944837 -0.016203881479944837 -0.027161583031639288 -0.010957701551694449 -0.010957701551694449 -0.010957701551694449 -0.010957701551694449 0.0 -0.0023908335120109451 0.0031248001450198924 0.0031248001450198924 0.0031248001450198924 0.014798728641032915 0.017189562153043861 0.011673928496013022 0.011673928496013022 0.011673928496013022 0.0 
0.0 0.0 0.0047932525198273049 0.0096471791221840689 0.014562547833431423 0.019916949157175338 0.024591119309713184 0.024531203653215344 0.019677277050858578 0.014761908339611222 0.02410574898471745 0.020766116743950833 0.017384210677351724 0.017384210677351724 0.017384210677351724 0.0026859687085015842 -0.0046881896047865522 -0.006039620401516909 -0.006039620401516909 -0.006039620401516909 -0.018135807153131532 -0.012096186751614621 -0.012096186751614621 -0.012096186751614621 -0.012096186751614621 0.0 0.0 0.0 0.0 0.0 -0.016203881479944837 -0.016203881479944837 -0.016203881479944837 -0.016203881479944837 -0.016203881479944837 0.0 0.0 0.0 0.0 0.0 -0.0023908335120109451 0.0031248001450198924 0.0031248001450198924 0.0031248001450198924 0.0031248001450198924 0.0055156336570308375 0.0 0.0 0.0 0.0 
